0.33905
-0.29989
-0.70484
0.76285
-1.4186
-0.5396
-1.4337
0.7501
0.39163
-0.47404
-0.529
0.87484
-0.45084
-0.93182
0.66687
-0.14734
-1.3097
1.0291
0.063185
-0.48641
-0.16521
-1.3541
0.18096
1.2055
-1.0772
0.73739
-0.29269
-1.2806
1.3158
1.161
-1.6811
0.42825
-1.5091
-0.94393
0.16708
-1.1174
-1.3438
0.77061
-0.81767
0.68627
-0.87397
0.82511
-0.6979
-1.0534
0.38524
-0.49804
0.48469
0.157
-0.35299
0.26627
-0.86402
-0.16451
-0.55633
1.2921
-0.97598
-1.3486
-0.29088
0.30692
-0.33029
-0.1693
0.11585
0.81749
-0.99585
-0.84548
-1.2978
1.2541
0.31546
-0.84441
0.8287
0.44782
-0.49917
-0.054979
-1.77
0.61612
-0.32618
1.3236
0.11207
-0.42859
-0.48358
0.031377
-0.43043
-0.8156
0.4605
-0.2622
0.40015
0.47015
-0.39565
-1.4817
0.28494
-0.46142
-1.8329
-1.7186
1.3911
1.0335
-0.87324
0.62458
0.33825
0.04119
-0.5165
-1.3396
