0.0085752
0.34858
-0.6483
-0.21968
0.83694
0.92464
0.52015
-0.854
-0.15398
-0.64415
-0.47995
-0.16656
-0.53479
-0.65786
-0.13067
-0.54993
0.89481
-0.24497
-0.28136
0.98232
-0.34818
0.78465
-0.26009
-0.99519
0.52187
-0.14667
-0.73962
0.70399
-0.058926
-0.97402
0.87799
-0.24527
0.73456
0.74573
-0.95667
0.74783
0.74061
-0.78562
0.91848
-0.17064
0.83431
0.07157
-0.50293
0.56379
0.20177
-0.59273
-0.24742
-0.86927
0.97496
0.032662
0.89152
-0.56605
0.37348
-0.067046
-0.48833
0.67367
-0.41738
-0.76787
-0.23494
-0.57449
0.01713
0.040097
0.83803
0.89038
0.90058
-0.0071085
0.15289
0.98023
0.13791
0.22804
-0.69997
-0.38586
0.45232
0.12822
-0.70853
0.10313
0.25046
0.36702
0.34721
-0.41223
-0.71574
0.92669
0.14109
-0.59018
-0.4724
-0.81846
0.35705
0.88296
-0.6936
0.33462
0.5633
0.80241
0.018326
-0.23274
0.50369
-0.093315
0.14083
-0.35314
-0.46316
0.46174
